  --  Season Standings Gp = 1312
			Matchup: 'Sjs' Vs 'Ana'  --

                | #  | CAR | NJD | NYR | WSH | NYI | PIT | PHI | CBJ | BOS | TOR | TBL | BUF | FLA | DET | OTT | MTL | WPG | DAL | MIN | COL | STL | NSH | ARI | CHI | VGK | SEA | LAK | EDM | CGY | VAN | SJS | ANA |   | GP | PTS | W  | L  | OTW | OTL | GL | MP  |
    TOR.........| 9  |  1  |  2  |  2  |  2  |  1  |  2  |  2  |  0  |  2  |  -  |  3  |  2  |  3  |  2  |  2  |  2  |  2  |  2  |  1  |  1  |  0  |  2  |  2  |  2  |  2  |  1  |  0  |  1  |  1  |  1  |  2  |  2  |   | 82 | 107 | 50 | 49 | 10  |  7  | 0  | 107 |
    EDM.........| 27 |  0  |  2  |  2  |  2  |  2  |  2  |  2  |  2  |  2  |  1  |  1  |  2  |  0  |  0  |  3  |  2  |  1  |  1  |  1  |  1  |  2  |  0  |  2  |  1  |  2  |  0  |  3  |  -  |  3  |  3  |  2  |  1  |   | 82 | 107 | 48 | 49 | 12  | 11  | 0  | 107 |
    CAR.........| 0  |  -  |  3  |  1  |  1  |  3  |  3  |  2  |  2  |  0  |  1  |  1  |  3  |  1  |  3  |  0  |  1  |  1  |  2  |  1  |  1  |  2  |  2  |  1  |  0  |  1  |  2  |  1  |  2  |  1  |  0  |  2  |  1  |   | 82 | 106 | 45 | 44 | 17  | 16  | 0  | 106 |
    WSH.........| 3  |  3  |  4  |  3  |  -  |  3  |  2  |  1  |  2  |  1  |  0  |  2  |  1  |  1  |  1  |  1  |  0  |  2  |  0  |  2  |  2  |  2  |  0  |  2  |  1  |  1  |  0  |  1  |  0  |  3  |  1  |  2  |  1  |   | 82 | 102 | 45 | 44 |  9  | 12  | 0  | 102 |
    NSH.........| 21 |  0  |  2  |  1  |  2  |  2  |  2  |  2  |  1  |  2  |  0  |  2  |  3  |  0  |  2  |  0  |  0  |  3  |  2  |  0  |  2  |  3  |  -  |  2  |  1  |  1  |  0  |  1  |  2  |  0  |  2  |  2  |  1  |   | 82 | 100 | 43 | 44 | 14  | 14  | 0  | 100 |
    PHI.........| 6  |  2  |  4  |  2  |  3  |  1  |  1  |  -  |  4  |  1  |  1  |  1  |  1  |  3  |  2  |  1  |  1  |  0  |  2  |  2  |  0  |  0  |  0  |  0  |  2  |  3  |  1  |  0  |  0  |  3  |  2  |  1  |  0  |   | 82 | 98  | 44 | 43 | 12  | 10  | 0  | 98  |
    TBL.........| 10 |  2  |  2  |  2  |  0  |  1  |  1  |  1  |  2  |  2  |  1  |  -  |  4  |  0  |  3  |  2  |  2  |  0  |  2  |  1  |  1  |  1  |  1  |  1  |  2  |  2  |  2  |  1  |  1  |  1  |  2  |  0  |  0  |   | 82 | 98  | 43 | 44 |  9  | 12  | 0  | 98  |
    FLA.........| 12 |  1  |  0  |  2  |  2  |  1  |  0  |  0  |  1  |  3  |  1  |  4  |  4  |  -  |  2  |  3  |  1  |  1  |  0  |  2  |  1  |  1  |  2  |  0  |  1  |  1  |  0  |  1  |  2  |  1  |  2  |  2  |  1  |   | 82 | 98  | 43 | 42 |  6  | 12  | 0  | 98  |
    ARI.........| 22 |  2  |  2  |  1  |  0  |  1  |  1  |  2  |  1  |  2  |  1  |  1  |  3  |  2  |  2  |  2  |  1  |  1  |  3  |  2  |  2  |  3  |  2  |  -  |  2  |  1  |  1  |  2  |  0  |  0  |  0  |  2  |  1  |   | 82 | 98  | 46 | 45 |  9  |  6  | 0  | 98  |
    SEA.........| 25 |  0  |  0  |  2  |  2  |  0  |  1  |  1  |  1  |  2  |  1  |  0  |  1  |  2  |  2  |  2  |  1  |  1  |  1  |  1  |  0  |  3  |  2  |  1  |  2  |  1  |  -  |  2  |  4  |  1  |  2  |  4  |  2  |   | 82 | 98  | 45 | 44 |  8  |  8  | 0  | 98  |
    ANA.........| 31 |  1  |  1  |  2  |  1  |  1  |  0  |  2  |  2  |  2  |  1  |  2  |  2  |  1  |  0  |  2  |  1  |  0  |  2  |  1  |  0  |  2  |  2  |  1  |  1  |  3  |  2  |  2  |  3  |  2  |  1  |  3  |  -  |   | 82 | 98  | 46 | 45 | 18  |  6  | 0  | 98  |
    OTT.........| 14 |  2  |  0  |  2  |  1  |  2  |  0  |  1  |  2  |  2  |  2  |  2  |  4  |  1  |  3  |  -  |  1  |  2  |  1  |  1  |  2  |  2  |  2  |  1  |  1  |  1  |  1  |  2  |  0  |  2  |  0  |  2  |  0  |   | 82 | 97  | 45 | 46 |  8  |  7  | 0  | 97  |
    MTL.........| 15 |  1  |  1  |  2  |  2  |  1  |  2  |  1  |  1  |  1  |  2  |  2  |  0  |  3  |  2  |  3  |  -  |  0  |  2  |  2  |  1  |  0  |  2  |  1  |  3  |  1  |  2  |  1  |  0  |  0  |  2  |  1  |  1  |   | 82 | 97  | 43 | 44 |  8  | 11  | 0  | 97  |
    WPG.........| 16 |  1  |  1  |  1  |  0  |  2  |  0  |  2  |  1  |  1  |  1  |  2  |  0  |  1  |  1  |  1  |  3  |  -  |  2  |  3  |  2  |  2  |  1  |  3  |  3  |  2  |  1  |  2  |  1  |  1  |  0  |  0  |  2  |   | 82 | 93  | 43 | 42 | 12  |  7  | 0  | 93  |
    MIN.........| 18 |  1  |  1  |  2  |  1  |  0  |  1  |  1  |  1  |  2  |  1  |  1  |  2  |  1  |  0  |  1  |  0  |  1  |  0  |  -  |  3  |  2  |  4  |  2  |  2  |  2  |  1  |  2  |  1  |  2  |  0  |  2  |  1  |   | 82 | 93  | 41 | 40 | 11  | 11  | 0  | 93  |
    VAN.........| 29 |  2  |  2  |  0  |  1  |  0  |  3  |  0  |  2  |  2  |  1  |  0  |  0  |  0  |  1  |  2  |  0  |  2  |  1  |  2  |  2  |  2  |  0  |  2  |  0  |  3  |  2  |  2  |  1  |  2  |  -  |  1  |  3  |   | 82 | 93  | 41 | 42 | 10  | 11  | 0  | 93  |
    NJD.........| 1  |  1  |  -  |  3  |  0  |  2  |  3  |  0  |  4  |  1  |  0  |  0  |  3  |  3  |  2  |  2  |  1  |  1  |  1  |  1  |  0  |  1  |  0  |  1  |  1  |  1  |  2  |  1  |  0  |  2  |  1  |  1  |  2  |   | 82 | 92  | 41 | 42 |  4  | 10  | 0  | 92  |
    DET.........| 13 |  0  |  0  |  2  |  1  |  0  |  1  |  0  |  2  |  3  |  2  |  1  |  3  |  2  |  -  |  1  |  2  |  2  |  1  |  2  |  1  |  1  |  1  |  0  |  1  |  0  |  1  |  2  |  2  |  2  |  2  |  1  |  2  |   | 82 | 92  | 41 | 40 |  9  | 10  | 0  | 92  |
    DAL.........| 17 |  1  |  1  |  2  |  2  |  0  |  2  |  1  |  0  |  1  |  0  |  0  |  1  |  2  |  1  |  1  |  0  |  2  |  -  |  4  |  2  |  3  |  2  |  1  |  3  |  1  |  2  |  1  |  2  |  2  |  1  |  2  |  0  |   | 82 | 92  | 43 | 42 |  8  |  6  | 0  | 92  |
    CHI.........| 23 |  2  |  1  |  2  |  1  |  2  |  0  |  0  |  3  |  2  |  0  |  0  |  1  |  1  |  1  |  1  |  0  |  1  |  1  |  2  |  3  |  2  |  3  |  2  |  -  |  1  |  1  |  1  |  1  |  1  |  3  |  0  |  1  |   | 82 | 91  | 40 | 39 | 12  | 11  | 0  | 91  |
    PIT.........| 5  |  1  |  1  |  2  |  2  |  2  |  -  |  3  |  1  |  0  |  0  |  1  |  0  |  2  |  1  |  2  |  1  |  3  |  1  |  1  |  1  |  2  |  0  |  2  |  2  |  1  |  1  |  2  |  0  |  1  |  0  |  1  |  2  |   | 82 | 90  | 39 | 40 | 10  | 12  | 0  | 90  |
    COL.........| 19 |  1  |  2  |  1  |  1  |  2  |  2  |  2  |  1  |  3  |  1  |  2  |  1  |  1  |  1  |  0  |  2  |  2  |  2  |  1  |  -  |  2  |  2  |  2  |  1  |  0  |  2  |  1  |  1  |  1  |  0  |  0  |  2  |   | 82 | 89  | 42 | 43 | 13  |  5  | 0  | 89  |
    SJS.........| 30 |  1  |  1  |  1  |  0  |  2  |  1  |  1  |  0  |  2  |  1  |  2  |  2  |  1  |  1  |  1  |  1  |  2  |  0  |  1  |  2  |  0  |  0  |  0  |  2  |  0  |  0  |  2  |  2  |  2  |  3  |  -  |  1  |   | 82 | 87  | 35 | 36 | 10  | 17  | 0  | 87  |
    NYI.........| 4  |  1  |  2  |  4  |  1  |  -  |  2  |  3  |  2  |  0  |  1  |  1  |  0  |  1  |  2  |  0  |  1  |  0  |  2  |  3  |  0  |  1  |  0  |  1  |  1  |  2  |  2  |  1  |  0  |  0  |  2  |  0  |  2  |   | 82 | 86  | 38 | 39 | 11  | 10  | 0  | 86  |
    CBJ.........| 7  |  2  |  0  |  3  |  2  |  2  |  3  |  0  |  -  |  2  |  2  |  0  |  2  |  1  |  0  |  0  |  2  |  1  |  3  |  1  |  1  |  1  |  1  |  1  |  0  |  1  |  1  |  1  |  1  |  1  |  1  |  2  |  0  |   | 82 | 86  | 38 | 37 | 12  | 10  | 0  | 86  |
    STL.........| 20 |  0  |  1  |  1  |  1  |  1  |  0  |  2  |  1  |  1  |  2  |  2  |  2  |  1  |  1  |  0  |  2  |  2  |  1  |  2  |  2  |  -  |  1  |  1  |  2  |  1  |  0  |  1  |  1  |  3  |  1  |  2  |  0  |   | 82 | 86  | 38 | 39 |  8  | 10  | 0  | 86  |
    LAK.........| 26 |  1  |  2  |  2  |  1  |  2  |  0  |  2  |  2  |  1  |  2  |  1  |  0  |  2  |  0  |  0  |  1  |  1  |  1  |  0  |  1  |  1  |  1  |  0  |  1  |  3  |  2  |  -  |  1  |  1  |  2  |  2  |  2  |   | 82 | 85  | 38 | 37 | 15  |  9  | 0  | 85  |
    BOS.........| 8  |  2  |  1  |  1  |  1  |  3  |  2  |  1  |  0  |  -  |  2  |  2  |  3  |  1  |  1  |  2  |  3  |  1  |  1  |  0  |  0  |  1  |  0  |  0  |  1  |  1  |  0  |  2  |  1  |  0  |  0  |  1  |  0  |   | 82 | 83  | 34 | 33 |  3  | 15  | 0  | 83  |
    VGK.........| 24 |  1  |  1  |  1  |  2  |  0  |  1  |  0  |  1  |  1  |  0  |  1  |  0  |  1  |  2  |  2  |  1  |  0  |  1  |  0  |  2  |  1  |  2  |  1  |  1  |  -  |  3  |  1  |  2  |  3  |  1  |  4  |  1  |   | 82 | 83  | 38 | 39 | 14  |  7  | 0  | 83  |
    CGY.........| 28 |  1  |  0  |  1  |  0  |  3  |  1  |  0  |  1  |  2  |  1  |  1  |  1  |  1  |  1  |  0  |  2  |  1  |  0  |  0  |  1  |  0  |  3  |  2  |  1  |  1  |  3  |  3  |  1  |  -  |  2  |  2  |  2  |   | 82 | 83  | 38 | 39 | 11  |  7  | 0  | 83  |
    BUF.........| 11 |  0  |  0  |  0  |  1  |  2  |  2  |  1  |  0  |  1  |  2  |  0  |  -  |  0  |  1  |  0  |  4  |  2  |  1  |  0  |  1  |  0  |  0  |  0  |  1  |  3  |  1  |  2  |  0  |  1  |  2  |  0  |  1  |   | 82 | 72  | 29 | 30 |  4  | 14  | 0  | 72  |
    NYR.........| 2  |  3  |  1  |  -  |  1  |  0  |  2  |  2  |  1  |  1  |  1  |  1  |  2  |  0  |  0  |  0  |  0  |  1  |  0  |  1  |  2  |  1  |  1  |  1  |  0  |  1  |  0  |  0  |  1  |  1  |  2  |  1  |  1  |   | 82 | 71  | 29 | 28 | 10  | 13  | 0  | 71  |


Top 3 metropolitan:
	CAR
	WSH
	PHI

Top 3 central:
	NSH
	ARI
	WPG

Top 3 atlantic:
	TOR
	TBL
	FLA

Top 3 pacific:
	EDM
	SEA
	ANA

Wild card East:
	OTT
	MTL

Wild card West:
	MIN
	VAN

  --  Standings  --

                |     div      |  conf   |  seed  | place | pts |
    CAR.........| metropolitan | eastern | M__E_0 |   0   | 106 |
    WSH.........| metropolitan | eastern | M__E_1 |   1   | 102 |
    PHI.........| metropolitan | eastern | M__E_2 |   2   | 98  |
    NSH.........|   central    | western | C__W_0 |   0   | 100 |
    ARI.........|   central    | western | C__W_1 |   1   | 98  |
    WPG.........|   central    | western | C__W_2 |   2   | 93  |
    TOR.........|   atlantic   | eastern | A__E_0 |   0   | 107 |
    TBL.........|   atlantic   | eastern | A__E_1 |   1   | 98  |
    FLA.........|   atlantic   | eastern | A__E_2 |   2   | 98  |
    EDM.........|   pacific    | western | P__W_0 |   0   | 107 |
    SEA.........|   pacific    | western | P__W_1 |   1   | 98  |
    ANA.........|   pacific    | western | P__W_2 |   2   | 98  |
    OTT.........|   atlantic   | eastern | WC_E_0 |   6   | 97  |
    MTL.........|   atlantic   | eastern | WC_E_1 |   7   | 97  |
    MIN.........|   central    | western | WC_W_0 |   6   | 93  |
    VAN.........|   pacific    | western | WC_W_1 |   7   | 93  |

[['TOR', 'atlantic', 'eastern', 'A__E_0', 0, 107]
['CAR', 'metropolitan', 'eastern', 'M__E_0', 0, 106]
['WSH', 'metropolitan', 'eastern', 'M__E_1', 1, 102]
['TBL', 'atlantic', 'eastern', 'A__E_1', 1, 98]
['PHI', 'metropolitan', 'eastern', 'M__E_2', 2, 98]
['FLA', 'atlantic', 'eastern', 'A__E_2', 2, 98]
['OTT', 'atlantic', 'eastern', 'WC_E_0', 6, 97]
['MTL', 'atlantic', 'eastern', 'WC_E_1', 7, 97]
['EDM', 'pacific', 'western', 'P__W_0', 0, 107]
['NSH', 'central', 'western', 'C__W_0', 0, 100]
['ARI', 'central', 'western', 'C__W_1', 1, 98]
['SEA', 'pacific', 'western', 'P__W_1', 1, 98]
['ANA', 'pacific', 'western', 'P__W_2', 2, 98]
['WPG', 'central', 'western', 'C__W_2', 2, 93]
['MIN', 'central', 'western', 'WC_W_0', 6, 93]
['VAN', 'pacific', 'western', 'WC_W_1', 7, 93]]
Playoff Schedule
[(['TOR', 'atlantic', 'eastern', 'A__E_0', 0, 107], ['MTL', 'atlantic', 'eastern', 'WC_E_1', 7, 97])
(['CAR', 'metropolitan', 'eastern', 'M__E_0', 0, 106], ['OTT', 'atlantic', 'eastern', 'WC_E_0', 6, 97])
(['WSH', 'metropolitan', 'eastern', 'M__E_1', 1, 102], ['PHI', 'metropolitan', 'eastern', 'M__E_2', 2, 98])
(['TBL', 'atlantic', 'eastern', 'A__E_1', 1, 98], ['FLA', 'atlantic', 'eastern', 'A__E_2', 2, 98])
(['EDM', 'pacific', 'western', 'P__W_0', 0, 107], ['VAN', 'pacific', 'western', 'WC_W_1', 7, 93])
(['NSH', 'central', 'western', 'C__W_0', 0, 100], ['MIN', 'central', 'western', 'WC_W_0', 6, 93])
(['ARI', 'central', 'western', 'C__W_1', 1, 98], ['ANA', 'pacific', 'western', 'P__W_2', 2, 98])
(['SEA', 'pacific', 'western', 'P__W_1', 1, 98], ['WPG', 'central', 'western', 'C__W_2', 2, 93])]

